433
244
88
439
189
62
291
178
84
129
286
378
335
425
127
468
214
11
36
328
253
192
316
312
385
174
328
240
465
23
322
172
431
343
183
457
55
483
413
96
169
137
155
15
118
343
159
182
163
374
166
233
10
334
320
259
239
370
95
394
191
285
392
436
456
211
75
259
33
200
31
10
43
230
349
148
327
370
267
276
182
98
307
267
455
74
24
437
355
356
34
418
50
181
315
201
499
227
231
149
258
479
207
198
157
155
167
379
265
130
122
31
86
416
279
490
290
106
66
162
118
390
162
330
429
80
58
162
243
62
87
493
429
193
41
360
327
61
280
327
464
87
130
186
140
173
409
494
251
232
445
434
131
158
463
463
120
388
172
294
486
417
166
405
274
169
402
450
416
78
395
2
199
422
477
446
180
471
164
35
285
124
191
134
262
272
183
196
196
284
412
461
421
437
412
282
186
101
403
86
448
95
242
495
246
46
457
178
316
263
90
109
268
459
276
285
29
110
214
319
151
449
412
168
104
79
235
409
351
29
59
3
355
156
80
430
356
105
126
110
35
323
306
451
170
402
141
197
45
85
102
414
92
358
343
492
457
66
233
156
322
173
205
305
453
406
306
45
340
175
232
403
149
160
446
259
237
384
211
248
408
12
92
481
460
106
282
35
155
101
287
476
129
387
1
96
234
222
137
274
93
71
44
396
70
309
370
441
241
389
432
326
426
478
465
385
31
300
126
109
298
214
386
227
374
199
364
303
476
40
324
476
194
172
396
297
16
374
185
406
1
109
79
361
135
471
364
3
382
190
83
262
292
177
10
149
331
462
64
416
11
251
32
293
90
5
225
272
14
260
319
221
76
463
264
126
417
210
277
99
388
428
452
358
322
15
440
167
362
178
360
343
291
256
58
403
476
499
88
79
393
438
190
468
455
479
304
436
290
389
80
346
364
475
487
142
182
257
194
463
245
352
263
490
288
439
364
7
278
292
274
27
500
163
437
216
102
154
295
425
362
75
292
227
49
262
266
197
52
19
167
370
79
163
330
72
181
412
243
48
160
398
373
425
448
331
242
302
285
150
178
333
348
51
377
383
443
128
54
365
460
310
214
286
127
408
2
163
152
86
474
149
214
264
57
462
33
126
24
39
